0.016029 2.996142 20.003746 8.352136 8.625005 5.104868
0.124994 4.983864 18.052331 7.877570 9.228359 6.161501
0.365258 6.957341 16.183393 37.295638 10.339820 15.902278
0.784865 8.827691 14.611566 33.933470 13.173696 17.729448
1.549735 10.568166 13.740497 30.425687 12.940782 18.776668
2.650193 12.103762 13.627222 28.110146 10.698192 19.038480
4.055881 13.365765 14.726622 25.664345 9.281666 18.469323
5.718781 14.309226 28.113489 12.261170 8.562178 5.037216
7.580700 15.016109 24.846317 11.044855 8.083973 5.959411
9.480622 15.603591 22.361175 11.052813 7.616372 5.683844
11.419047 16.059013 20.012163 10.816254 7.313615 3.733545
13.385401 16.406912 17.840441 10.728525 7.078615 0.921855
15.363440 16.701227 15.791795 10.973703 26.152613 -12.896481
17.275371 17.059994 14.018928 12.833159 25.632477 -13.248211
19.110167 17.708207 12.690145 12.847519 29.756737 -16.177502
20.778513 18.618569 11.735529 10.319676 32.803019 -20.746281
22.181159 19.842243 11.892220 8.482100 30.810443 -22.577971
23.228873 21.351338 14.032839 7.463952 19.770518 -24.605065
23.846190 23.106387 23.998224 7.364480 11.350293 -8.767581
24.134796 25.058761 26.111816 7.599563 9.760039 -7.212217
24.223351 27.045003 23.957993 8.015305 8.982922 -2.577317
24.200475 29.043707 21.959954 8.334295 8.633642 0.475968
24.156101 31.042979 19.960926 8.411937 8.559235 1.136152
24.134396 33.042625 17.957829 8.347799 8.621183 -0.911586
24.119114 35.041216 15.958361 8.389126 8.580367 -5.178735
24.036210 37.025902 13.985803 8.872809 8.165443 -10.551954
23.777784 38.964352 12.157730 10.404962 7.304779 -15.733182
23.240936 40.799293 10.677247 11.246018 6.178613 -20.098582
