20.001472 8.572065 8.401081 -1.832708
18.010561 24.697303 8.189517 12.167261
16.032604 23.342803 8.589761 11.882186
14.236388 37.134342 10.190875 7.211188
12.599263 34.005787 12.991435 13.275372
11.242322 31.111203 11.015789 19.396325
10.577336 28.543961 8.693125 18.086036
10.657694 27.026476 7.123010 14.506293
11.204193 26.190480 6.056395 12.255261
12.462407 19.128684 5.309009 2.189209
23.489454 19.122540 4.572673 0.406891
21.457275 20.677478 3.801233 1.120596
19.379239 20.093033 3.047487 1.201778
17.281110 18.150391 2.318874 0.641972
